<svg width="60" height="60" viewBox="0 0 60 60" fill="none" xmlns="http://www.w3.org/2000/svg">
<g clip-path="url(#clip0_14_663)">
<path opacity="0.932" fill-rule="evenodd" clip-rule="evenodd" d="M59.9414 56.7773C59.9414 57.0507 59.9414 57.3243 59.9414 57.5977C59.8458 57.7903 59.6895 57.927 59.4727 58.0078C39.7852 58.086 20.0977 58.086 0.410156 58.0078C0.193332 57.927 0.0370822 57.7903 -0.0585938 57.5977C-0.0585938 57.3243 -0.0585938 57.0507 -0.0585938 56.7773C0.042612 56.6381 0.159799 56.5014 0.292969 56.3672C0.940076 56.2534 1.58461 56.1557 2.22656 56.0742C3.603 53.4383 5.00925 50.8212 6.44531 48.2227C7.43748 47.153 8.5703 46.2545 9.84375 45.5273C13.3204 38.5743 16.7968 31.6211 20.2734 24.668C21.0739 23.7737 21.9919 23.637 23.0273 24.2578C23.4765 24.6289 23.9258 25 24.375 25.3711C25.4353 23.0507 26.4509 20.7069 27.4219 18.3398C27.7377 17.6919 28.226 17.2232 28.8867 16.9336C28.9843 12.0904 29.0429 7.24657 29.0625 2.40235C29.3479 1.84878 29.7971 1.673 30.4102 1.875C30.7059 2.09567 30.8623 2.38864 30.8789 2.75391C33.5354 2.73439 36.1917 2.75391 38.8477 2.8125C39.3456 3.2082 39.4432 3.69648 39.1406 4.27735C38.6523 5.00001 38.1641 5.72266 37.6758 6.44532C38.2177 7.23606 38.745 8.03684 39.2578 8.84766C39.4711 9.57441 39.2171 10.0236 38.4961 10.1953C35.9573 10.2539 33.4182 10.2734 30.8789 10.2539C30.8789 12.4805 30.8789 14.707 30.8789 16.9336C31.6706 17.119 32.237 17.5877 32.5781 18.3398C35.1981 24.189 37.8738 30.0093 40.6055 35.8008C41.8461 35.118 43.0376 35.1962 44.1797 36.0352C48.6754 42.6989 53.1479 49.3786 57.5977 56.0742C58.2649 56.1571 58.929 56.2547 59.5898 56.3672C59.723 56.5014 59.8402 56.6381 59.9414 56.7773ZM30.8789 4.51172C32.7934 4.4922 34.7074 4.51173 36.6211 4.57032C36.1773 5.14554 35.8257 5.77054 35.5664 6.44532C35.8257 7.12009 36.1773 7.74509 36.6211 8.32032C34.7074 8.3789 32.7934 8.39843 30.8789 8.37891C30.8789 7.08985 30.8789 5.80078 30.8789 4.51172ZM13.0664 43.5352C15.892 37.6495 18.7827 31.7902 21.7383 25.957C21.7971 25.8374 21.8752 25.8178 21.9727 25.8984C22.4895 26.3228 23.0168 26.7329 23.5547 27.1289C23.4889 27.4682 23.4304 27.8197 23.3789 28.1836C23.5284 28.9968 23.9972 29.2506 24.7852 28.9453C24.9667 28.803 25.1033 28.6273 25.1953 28.418C26.5302 25.2403 27.8974 22.0763 29.2969 18.9258C29.7308 18.4941 30.1801 18.4746 30.6445 18.8672C32.7079 23.2281 34.7391 27.6032 36.7383 31.9922C36.3386 32.531 35.8308 32.9022 35.2148 33.1055C34.7203 33.0229 34.3297 32.7689 34.043 32.3438C32.3555 31.4131 30.9687 31.7452 29.8828 33.3398C29.3682 34.6425 28.8213 35.9316 28.2422 37.207C27.6758 37.659 27.168 37.5809 26.7188 36.9727C25.6294 35.438 24.5552 33.895 23.4961 32.3438C23.7715 31.8629 23.7911 31.3747 23.5547 30.8789C22.7549 30.3642 22.1689 30.5595 21.7969 31.4648C20.6207 34.4084 19.3316 37.299 17.9297 40.1367C17.4765 40.6291 16.9883 41.0783 16.4648 41.4844C15.3288 42.1693 14.196 42.8529 13.0664 43.5352ZM32.168 33.6914C32.4205 33.6764 32.6549 33.735 32.8711 33.8672C33.7809 34.9629 34.9138 35.2753 36.2695 34.8047C36.7153 34.5346 37.1449 34.2416 37.5586 33.9258C38.1159 35.0016 38.6433 36.0954 39.1406 37.207C39.2188 37.3632 39.2188 37.5196 39.1406 37.6758C38.7071 38.2137 38.6291 38.7996 38.9062 39.4336C39.3417 39.7188 39.7909 39.7384 40.2539 39.4922C40.6936 38.7689 41.1623 38.0658 41.6602 37.3828C42.0507 37.1484 42.4414 37.1484 42.832 37.3828C46.9827 43.6531 51.1623 49.903 55.3711 56.1328C42.793 56.211 30.2148 56.211 17.6367 56.1328C19.1136 54.7702 20.6762 53.5201 22.3242 52.3828C25.8925 50.9895 29.4861 49.6614 33.1055 48.3984C34.3907 47.8247 35.4648 46.9849 36.3281 45.8789C37.0607 44.7657 37.7638 43.6329 38.4375 42.4805C38.6127 41.3661 38.1634 40.956 37.0898 41.25C36.204 42.4877 35.3641 43.7572 34.5703 45.0586C34.1507 45.5569 33.6623 45.967 33.1055 46.2891C29.9278 47.5262 26.7246 48.6981 23.4961 49.8047C21.9462 50.3448 20.5399 51.1261 19.2773 52.1484C17.732 53.4489 16.2086 54.7771 14.707 56.1328C11.2305 56.211 7.75391 56.211 4.27734 56.1328C5.39631 54.1491 6.47052 52.1373 7.5 50.0977C7.78683 49.6154 8.11886 49.1663 8.49609 48.75C11.5622 46.7675 14.6482 44.8145 17.7539 42.8906C18.851 42.1064 19.6909 41.1103 20.2734 39.9023C21.0101 38.0821 21.7913 36.2852 22.6172 34.5117C23.6855 36.0098 24.7987 37.4747 25.957 38.9063C27.3613 39.7027 28.6308 39.5269 29.7656 38.3789C30.4443 36.9483 31.0888 35.503 31.6992 34.043C31.8634 33.9233 32.0197 33.8061 32.168 33.6914Z" fill="#000"/>
</g>
<defs>
<clipPath id="clip0_14_663">
<rect width="60" height="60" fill="white"/>
</clipPath>
</defs>
</svg>
